-0.29326647837926184
-0.26400192472708034
-0.2353500909289611
-0.20782598091233917
-0.1818267838533846
-0.15763937388504998
-0.1354505973560419
-0.11535943057149407
-0.09739016380375108
-0.08150587118703922
-0.06762154947905705
-0.05561644101143059
-0.04534518828417383
-0.03664759215881768
-0.029356856949315762
-0.023306300277152327
-0.01833458148462783
-0.014289559348174559
-0.01103092868947633
-0.00843180804161089
-0.00637945917863719
-0.004775316753348271
-0.0035344952628655643
-0.0025849236958560514
-0.0018662378566142647
-0.0013285384986759458
-9.311016217189391E-4
-6.411067737179975E-4
-4.3243076039726054E-4
-2.845382672721612E-4
-1.8148774051319016E-4
-1.1106043015721987E-4
-6.40125952083855E-5
-3.344522521256316E-5
-1.4281911528800768E-5
-2.843349837692623E-6
3.4939710302343923E-6
6.567355797982195E-6
7.637609510884564E-6
7.549686697463075E-6
6.853860921587222E-6
5.895665144251933E-6
4.881542303507293E-6
3.925917863599939E-6
3.084301865644363E-6
2.3760667513413723E-6
1.799733414572137E-6
1.3429257498739927E-6
9.886111539568555E-7
7.188152846116453E-7
5.166669270098695E-7
3.673763698607794E-7
2.585628068376785E-7
1.8020929175416147E-7
1.24426040032158E-7
8.513475213764117E-8
5.7740388046687686E-8
3.882636665502354E-8
2.5889844337894498E-8
1.712205868386784E-8
1.123216037248438E-8
7.309681773761054E-9
4.719542589454358E-9
3.0234181883673124E-9
1.9218385200183784E-9
1.2121958461302658E-9
7.587112052196017E-10
4.712295546632523E-10
2.904285887273451E-10
1.7761902452896529E-10
1.0778767079632395E-10
6.490196602416674E-11
3.877291271444233E-11
2.2979776592213304E-11
1.3510345635424397E-11
7.87838638224235E-12
4.556109049700033E-12
2.6125222373351454E-12
1.485055971106076E-12
8.366278962865528E-13
4.669778373031982E-13
2.5815180081229126E-13
1.4127833203792008E-13
7.64998789581804E-14
4.095792483080542E-14
2.166408105853955E-14
1.1308387515485909E-14
5.817188448970541E-15
2.9435589160751526E-15
1.461435110651035E-15
7.093748825000627E-16
3.3485172676900016E-16
1.5243150905024272E-16
6.596650356657568E-17
2.639770296127253E-17
9.146756994275525E-18
2.1612047772378957E-18
-3.173028620451738E-19
-9.50462377988837E-19
-9.147674867415198E-19
