1.5 0.10513519809241459
1.55 0.09047187417345148
1.6 0.07727177793709746
1.6500000000000001 0.06550427339064939
1.7000000000000002 0.05511297434503242
1.7500000000000002 0.04602163515236318
1.8000000000000003 0.03813966645811068
1.8500000000000003 0.03136713659030858
1.9000000000000004 0.025599165061733868
1.9500000000000004 0.02072965687154631
2.0000000000000004 0.016654363312194345
2.0500000000000003 0.013273285838241505
2.1 0.010492463787669985
2.15 0.008225204373461302
2.1999999999999997 0.006392824765520424
2.2499999999999996 0.004924981918054641
2.2999999999999994 0.003759666904197029
2.349999999999999 0.0028429378299656407
2.399999999999999 0.0021284598625569153
2.449999999999999 0.0015769134280831008
2.4999999999999987 0.0011553230260025577
2.5499999999999985 8.363500670706994E-4
2.5999999999999983 5.975842294032867E-4
2.649999999999998 4.208594662600091E-4
2.699999999999998 2.91613281467207E-4
2.749999999999998 1.983013886364941E-4
2.7999999999999976 1.3187446370269704E-4
2.8499999999999974 8.531938261675025E-5
2.8999999999999972 5.32640439308505E-5
2.949999999999997 3.164250591098755E-5
2.999999999999997 1.741559254737954E-5
3.0499999999999967 8.341205521720063E-6
3.0999999999999965 2.7881840138590902E-6
3.1499999999999964 -4.124457465601734E-7
3.199999999999996 -2.0847070071883253E-6
3.249999999999996 -2.798802583628361E-6
3.299999999999996 -2.940970075512992E-6
3.3499999999999956 -2.766271524001273E-6
3.3999999999999955 -2.4379037341021642E-6
3.4499999999999953 -2.0560232585579374E-6
3.499999999999995 -1.678538923684785E-6
3.549999999999995 -1.3358458776054251E-6
3.5999999999999948 -1.0410626203928295E-6
3.6499999999999946 -7.969855052174657E-7
3.6999999999999944 -6.006896120374695E-7
3.7499999999999942 -4.464745187552519E-7
3.799999999999994 -3.276711811881837E-7
3.849999999999994 -2.3768451045957715E-7
3.8999999999999937 -1.7053822296587776E-7
3.9499999999999935 -1.2110766526803516E-7
3.9999999999999933 -8.516690103745303E-8
4.049999999999994 -5.9333554686959414E-8
4.099999999999993 -4.096473619392051E-8
4.149999999999993 -2.803659585203663E-8
4.199999999999993 -1.902613126432859E-8
4.249999999999993 -1.2804829262720712E-8
4.299999999999993 -8.548091655838668E-9
4.3499999999999925 -5.661072253504294E-9
4.399999999999992 -3.7197539207531237E-9
4.449999999999992 -2.4252617038584035E-9
4.499999999999992 -1.5691587696650145E-9
4.549999999999992 -1.0075507510407975E-9
4.599999999999992 -6.42066662352746E-10
4.6499999999999915 -4.06089532880029E-10
4.699999999999991 -2.549186234616639E-10
4.749999999999991 -1.5882669746074532E-10
4.799999999999991 -9.821690515423225E-11
4.849999999999991 -6.02813448932523E-11
4.899999999999991 -3.671986716008976E-11
4.94999999999999 -2.2198437723722556E-11
4.99999999999999 -1.3317486497274322E-11
5.04999999999999 -7.928102957458144E-12
5.09999999999999 -4.6830046562498184E-12
5.14999999999999 -2.7443590205277087E-12
5.1999999999999895 -1.5953701909170476E-12
5.249999999999989 -9.198529091458301E-13
5.299999999999989 -5.25933590033714E-13
5.349999999999989 -2.981281375487132E-13
5.399999999999989 -1.6750202568195637E-13
5.449999999999989 -9.324922712665283E-14
5.4999999999999885 -5.141783231232534E-14
5.549999999999988 -2.806894044716551E-14
5.599999999999988 -1.5161350406550993E-14
5.649999999999988 -8.097433804655014E-15
5.699999999999988 -4.272439856746008E-15
5.749999999999988 -2.2245436152057438E-15
5.799999999999987 -1.14133956227877E-15
5.849999999999987 -5.759201865044766E-16
5.899999999999987 -2.8506076405595063E-16
5.949999999999987 -1.3788281825219354E-16
5.999999999999987 -6.481106271964205E-17
6.0499999999999865 -2.934231859463905E-17
6.099999999999986 -1.2599732256189097E-17
6.149999999999986 -4.978156803676987E-18
6.199999999999986 -1.6798316253482155E-18
6.249999999999986 -3.5994647728459364E-19
6.299999999999986 9.739137242918092E-20
6.349999999999985 2.0545161129107531E-19
6.399999999999985 1.8958646818881668E-19
6.449999999999985 1.42063349289375E-19
6.499999999999985 9.632497495229917E-20
