-0.3078868234283605
-0.2786342015531713
-0.24967600782802093
-0.22158803592065032
-0.19482638238286207
-0.16973307886921743
-0.14654498562054605
-0.12540501396376807
-0.10637479718762266
-0.08944801749539523
-0.07456371033304804
-0.0616189952452436
-0.05048081464780203
-0.04099639022149561
-0.0330022245540666
-0.02633157861323395
-0.020820440880890002
-0.016312070416401134
-0.012660244018825399
-0.009731368365543575
-0.007405633610124013
-0.00557738796599271
-0.004154906008106903
-0.003059709479360797
-0.0022255807762351495
-0.0015973881776450995
-0.0011298200601974383
-7.861041977184654E-4
-5.36768767057627E-4
-3.5848451383470954E-4
-2.3301300389267482E-4
-1.4627408533520448E-4
-8.753651268280236E-5
-4.8728910210474156E-5
-2.3863568370681874E-5
-8.562630683246664E-6
3.2531059627088366E-7
5.030663414108276E-6
7.102482654433354E-6
7.593648104173792E-6
7.201773809525123E-6
6.374763032919554E-6
5.388603723879593E-6
4.4037300835536E-6
3.5051098646221384E-6
2.730184308492858E-6
2.087900082956747E-6
1.5713295822230592E-6
1.1657684519154198E-6
8.537132192842472E-7
6.177411058107576E-7
4.420216484353225E-7
3.1296958834922784E-7
2.193860492959192E-7
1.523176658931592E-7
1.0478039608489921E-7
7.143757009216417E-8
4.828337735085544E-8
3.23581054964589E-8
2.1505951510881095E-8
1.417710952817606E-8
9.270921073122684E-9
6.014612181607684E-9
3.871480388910821E-9
2.472628354192836E-9
1.5670171830743165E-9
9.854535256749302E-10
6.149703799414248E-10
3.8082907169529737E-10
2.3402380662815436E-10
1.427033476626441E-10
8.634481841024503E-11
5.183743936930434E-11
3.0876344653327705E-11
1.8245061113818783E-11
1.0694366008833335E-11
6.217247715971169E-12
3.584315643517576E-12
2.0487891042206035E-12
1.1608419336963106E-12
6.518028667948731E-13
3.6256481905774327E-13
1.9971506642510495E-13
1.0888910549804984E-13
5.872890189449271E-14
3.131100294467237E-14
1.648623428701267E-14
8.562787982228194E-15
4.380373682522831E-15
2.2024970133630856E-15
1.0854049965755449E-15
5.221133046345295E-16
2.436416179096206E-16
1.0919900630840881E-16
4.6182103263923936E-17
1.7772229977773963E-17
5.653980885756689E-18
9.219509575963575E-19
-6.338826200170031E-19
-9.32614932365175E-19
-8.058452715810568E-19
