0.07070773151768517
0.020786164374506644
-0.02918735735438105
-0.0790879258903654
-0.12879081579982077
-0.17817179574273423
-0.2271074389863692
-0.2754754319078079
-0.3231548797143069
-0.3700266086173287
-0.4159734637049395
-0.46088060176807777
-0.5046357783487754
-0.547129628292834
-0.5882559391057618
-0.6279119164286973
-0.6659984409707653
-0.7024203162556897
-0.7370865065634036
-0.7699103644719407
-0.8008098474308656
-0.8297077228249183
-0.8565317610153389
-0.8812149158763394
-0.9036954923755047
-0.9239173007792462
-0.9418297970978678
-0.9573882094192215
-0.9705536498151685
-0.9812932115411471
-0.989580051285898
-0.9953934562657626
-0.9987188959958535
-0.9995480586087013
-0.9978788716295933
-0.9937155071566817
-0.98706837143291
-0.9779540788358267
-0.9663954103502925
-0.9524212566278834
-0.9360665457753065
-0.917372156052324
-0.8963848136973945
-0.8731569761364083
-0.847746700866443
-0.8202175003422585
-0.7906381832282361
-0.7590826824125485
-0.7256298702134489
-0.6903633612395466
-0.6533713033968358
-0.614746157564825
-0.5745844664925159
-0.5329866134917793
-0.4900565715313765
-0.44590164335867377
-0.4006321932986612
-0.3543613714006155
-0.3072048306219022
-0.25928043775581777
-0.2107079788259858
-0.16160885968368177
-0.11210580255643587
-0.062322539306373104
-0.012383502164994287
0.03758648728259373
0.08746253008663829
0.13711996211507205
0.18643466564891464
0.23528337961193024
0.28354400765913224
0.33109592335405114
0.37782027167200805
0.42360026607577983
0.46832148042111554
0.5118721349625099
0.5541433757443526
0.5950295466791267
0.6344284536326006
0.6722416198559433
0.7083745321263157
0.7427368769806963
0.7752427664525119
0.8058109527468249
0.8343650313175033
0.8608336318387966
0.885150596593981
0.9072551458351996
0.927092029701177
0.9446116663130971
0.9597702657034803
0.972529939268297
0.9828587944687439
0.9907310145459841
0.9961269230495978
0.9990330330184607
0.9994420806911231
0.9973530436614314
0.9927711434340104
0.9857078323732212
0.9761807650782145
