-0.15165073167272491
-0.12647964928062005
-0.10424188756433059
-0.08491769069683901
-0.06838498755283426
-0.05444877093622275
-0.042867217046271014
-0.033373816131855104
-0.025695219555793077
-0.019564857863762965
-0.014732642485261634
-0.010971233316523655
-0.008079445323531099
-0.005883393260444052
-0.004235950210777547
-0.003015038398087821
-0.002121193569394581
-0.001474758888891108
-0.0010129796431345777
-6.871923847953678E-4
-4.6023519962687533E-4
-3.041512910634983E-4
-1.982161935164402E-4
-1.2728871956667917E-4
-8.046563557283326E-5
-5.00081631536272E-5
-3.0502805056952922E-5
-1.8217923240225913E-5
-1.0619435089207226E-5
-6.012716473453777E-6
-3.28238052441894E-6
-1.706381520577298E-6
-8.254449394283021E-7
-3.5289862066886625E-7
-1.1346064755320179E-7
-2.40381448964958E-9
4.120043273652774E-8
5.1686474259824275E-8
4.7638846186350595E-8
3.858201840234637E-8
2.901020005146423E-8
2.0749960220807253E-8
1.43017624107083E-8
9.571989473893981E-9
6.251736407140799E-9
3.998034546237217E-9
2.5094591207440406E-9
1.5487013029154477E-9
9.409995510205047E-10
5.635012026705713E-10
3.328424275138775E-10
1.940462501807285E-10
1.1171859097770763E-10
6.354607718400773E-11
3.572333474577984E-11
1.985390342016447E-11
1.0911386602518532E-11
5.931247450498248E-12
3.1894917012123416E-12
1.696957960343879E-12
8.934062991186695E-13
4.654789778654396E-13
2.4002739796570403E-13
1.2250684404506093E-13
6.189006915414075E-14
3.0949853897020574E-14
1.5320860512248707E-14
7.507557790370047E-15
3.64169392867778E-15
1.7485975030016502E-15
8.310828510278118E-16
3.909731373340508E-16
1.820417276525822E-16
8.388461515857652E-17
3.825064193647999E-17
1.7257927376505963E-17
7.703177466423003E-18
3.4010113093188743E-18
1.484958091695864E-18
6.410353385931428E-19
2.7351685610943344E-19
1.1531012446584214E-19
4.8011652228807375E-20
1.973310874761218E-20
8.000830412796626E-21
3.1975474386861012E-21
1.258344883696777E-21
4.869819592973716E-22
1.8501357137883238E-22
6.884147672418389E-23
2.50045288846567E-23
8.822829482430897E-24
3.001652962576933E-24
9.723511418507813E-25
2.929458578473605E-25
7.787504026484974E-26
1.5459650616829416E-26
7.406026855451909E-29
-2.2899864503992373E-27
-1.7734334171943547E-27
-1.017186445349754E-27
