-0.4620087945067358
-0.4592046238465758
-0.45216374408789894
-0.4413765787124921
-0.42734647375312684
-0.4105790906622858
-0.3915727492857621
-0.3708098657515352
-0.3487495866697998
-0.325821678755248
-0.30242169309453143
-0.2789073868498627
-0.2555963530461731
-0.2327647818305513
-0.21064725458105885
-0.18943745561636027
-0.16928967495275934
-0.15032096932670524
-0.13261384715444807
-0.11621934572474647
-0.10116037511940563
-0.08743521248238684
-0.07502104164275422
-0.06387744607808832
-0.053949777152273205
-0.045172333894217286
-0.037471304787027315
-0.030767435671148567
-0.024978400572482778
-0.020020863773560424
-0.01581223156030954
-0.012272100683679744
-0.009323417629034405
-0.006893368302454245
-0.004914021788533292
-0.0033227545160400096
-0.00206248262319751
-0.001081730700645165
-3.3456457566317043E-4
2.1958544289506243E-4
6.161862461875715E-4
8.859261323352491E-4
0.0010550816103483817
0.0011459094793924915
0.0011770494938034457
0.001163925492028041
0.001119135300532097
0.0010528219691084348
9.730209159523694E-4
8.859793381296808E-4
7.964457671052523E-4
7.079289218065403E-4
6.229260435896433E-4
5.431217050644776E-4
4.695586890098892E-4
4.0278295825464406E-4
3.42965007351558E-4
2.9000002711802733E-4
2.43589347756151E-4
2.0330557779992139E-4
1.6864374497656511E-4
1.3906058923430085E-4
1.1400397316951931E-4
9.293417383474195E-5
7.533861293395503E-5
6.074137795143237E-5
4.8708691001317386E-5
3.885129951754068E-5
3.082459618317429E-5
2.4327126310614938E-5
1.9098009794431995E-5
1.4913691543013467E-5
1.158433814483999E-5
8.95011822567918E-6
6.877538033132573E-6
5.255950639397343E-6
3.994315138486085E-6
3.0182497221643387E-6
2.2673980287956576E-6
1.6931102731480076E-6
1.2564281286015149E-6
9.263540446583831E-7
6.783806943088147E-7
4.932537574972791E-7
3.559405959533523E-7
2.5477802267548335E-7
1.8077388793320914E-7
1.2703925927990806E-7
8.83303126088669E-8
6.068148827537316E-8
4.1113868478131554E-8
2.7405010311069772E-8
1.7908567585422033E-8
1.1413923551421955E-8
7.037724608441852E-9
4.14065383217171E-9
2.2640234434380123E-9
1.0818135354412156E-9
3.6465982906960733E-10
-4.698353056754561E-11
-2.6268870320238745E-10
