0.9983341664682815
0.9883591414823306
0.9685087586627841
0.9389813564731089
0.900071962955525
0.8521693479083239
0.7957521384265567
0.7313840366183171
0.6597081872796063
0.581440751804131
0.49736375253538867
0.4083172590579093
0.3151909944996664
0.21891544571267327
0.1204525661559418
0.020786164374506626
-0.0790879258903655
-0.17817179574273406
-0.27547543190780716
-0.3700266086173273
-0.4608806017680796
-0.5471296282928357
-0.6279119164287006
-0.7024203162556957
-0.7699103644719412
-0.829707722824922
-0.881214915876343
-0.92391730077925
-0.9573882094192304
-0.9812932115411468
-0.9953934562657664
-0.9995480586087049
-0.9937155071566848
-0.9779540788358337
-0.9524212566278808
-0.9173721560523255
-0.8731569761364086
-0.820217500342258
-0.7590826824125556
-0.6903633612395359
-0.6147461575648283
-0.5329866134917709
-0.4459016433586687
-0.3543613714006103
-0.25928043775580983
-0.16160885968367458
-0.06232253930636389
0.03758648728260163
0.13711996211508132
0.23528337961194107
0.3310959233540612
0.4236002660757909
0.5118721349625228
0.5950295466791301
0.6722416198559602
0.7427368769807134
0.8058109527468283
0.860833631838813
0.9072551458352008
0.9446116663131049
0.9725299392683117
0.9907310145459812
0.9990330330184722
0.9973530436614334
0.9857078323732149
